points = [
       [-0.1089, -0.4686],
       [0.03809, 0.03762],
       [-0.1541, 0.02501],
       [-0.7425, -1.032],
       [0.4212, 0.3696],
       [0.05196, 0.2152],
       [0.07336, -0.2571],
       [0.3055, 0.2981],
       [0.2129, 0.4142],
       [-0.6119, -0.6454],
       [-1.517, -1.171],
       [-0.5661, -0.2404],
       [-0.9291, -0.7711],
       [-0.4114, -0.08569],
       [-0.3422, -0.4569],
       [0.1297, -0.03708],
       [-0.4028, -0.4117],
       [-0.3410, -0.3156],
       [-0.7008, -0.4612],
       [0.07621, 0.2640],
       [0.3844, 0.4556],
       [-0.8732, -0.4905],
       [0.04695, 0.1571],
       [-1.521, -1.411],
       [1.020, 0.8738],
       [0.5649, 0.6660],
       [-0.7821, -0.1304],
       [-0.3141, 0.0005517],
       [0.8761, 0.4109],
       [-0.5144, -0.6134],
       [0.9315, 0.3948],
       [0.5177, 0.7274],
       [0.02786, -0.2671],
       [-0.6965, -1.172],
       [1.167, 1.154],
       [0.01168, -0.4551],
       [-0.07156, -0.1869],
       [0.1978, 0.3184],
       [1.201, 1.175],
       [0.5386, 0.2717],
       [0.6361, 0.1469],
       [0.2955, -0.01380],
       [-0.1963, -0.1058],
       [0.4871, 0.8914],
       [-0.9016, -0.5534],
       [0.5861, 0.7761],
       [1.118, 1.489],
       [1.124, 0.6516],
       [0.05982, -0.05915],
       [-0.4019, -0.3706],
]      